X: 2.28874
Y: 1.84962
Z: -4.2251
